[Simon]
[id   	top	left	width	height	texture_id]
[idle/walk]
 1001 	1    	21   	17	53	0	
 1002 	29   	21   	45	53	0
 1003 	46   	21   	62	53	0
 1004 	63   	21   	79	53	0
[jump/duck]
 1005	84	21	100	53	0
[ascend]
 1006	154	21	170	53	0
 1007	171	21	187	53	0
[descend]
 1008	211	21	227	53	0
 1009	228	21	244	53	0
[hurt]
 1010	275	21	291	53	0
[death]
 1011	308	21	324	53	0
 1012	325	21	357	27	0
[attack]
 1013	1	78	25	110	0
 1014	26	78	42	110	0
 1015	43	78	67	110	0
[attack/ducking]
 1016	147	78	171	110	0
 1017	172	78	188	110	0
 1018	189	78	213	110	0
[attacking/ascend]
 1019	293	78	317	110	0
 1020	318	78	334	110	0
 1021	335	78	359	110	0
[attacking/descend]
 1022	439	78	463	110	0
 1023	464	78	480	110	0
 1024	481	78	505	110	0
[whip 1]
 1101	1	477	9	509	0
 1102	10	477	26	501	0
 1103	27	477	51	493	0
[whip 2 + 3]
 1111	61	477	69	509	0
 1112	105	477	121	501	0
 1113	156	477	180	493	0
 1114	222	477	262	493	0
[whip 4]
 1121	52	477	60	509	0
 1122	88	477	104	501	0
 1123	181	477	221	493	0
[whip 5]
 1131	70	477	78	509	0
 1132	122	477	138	501	0
 1133	263	477	303	493	0
[whip 6]
 1141	79	477	87	509	0
 1142	139	477	155	501	0
 1143	304	477	344	493	0
[dagger]
 1151	354	477	370	493	0
[cross]
 1161	401	477	417	493	0
 1162	418	477	434	493	0
 1163	435	477	451	493	0
[Axe]
 1171	515	477	531	493	0
 1172	532	477	548	493	0
 1173	549	477	565	493	0
 1174	566	477	582	493	0
[bomb]
 1181	587	477	595	493	0
 1182	596	477	604	493	0
 1183	605	477	613	493	0
 1184	614	477	622	493	0
 1185	623	477	639	493	0
 1186	640	477	656	493	0
[hit fx]
 1999 	727	477	735	493	0