#txt_path		texture id
[BACKGROUND]
Scene3/mapping.txt	50
[OBJECTS]
#object	grid_y	grid_x	ani_set	x	y	w	h	nx	type	item_id
#brick										
1	0	1	2	448	112	32	16	0	0	0
1	0	1	2	480	0	32	192	0	0	0
1	0	1	0	384	80	64	16	0	0	0
1	0	1	0	352	80	32	64	0	0	0
1	0	1	0	320	144	32	16	0	0	0
1	0	1	0	288	112	32	16	0	0	0
1	0	0	0	192	80	96	16	0	0	0
1	0	0	0	96	80	64	16	0	0	0
1	0	0	0	128	96	32	96	0	0	0	
1	0	0	0	64	112	32	16	0	0	0
1	0	0	0	16	80	16	16	0	0	0
1	0	0	0	0	0	16	32	0	0	0
1	0	0	0	0	80	16	112	0	0	0
#candles										
2	0	1	0	460	16	0	0	0	0	2
2	0	1	0	396	16	0	0	0	0	2
2	0	1	0	332	16	0	0	0	0	2
2	0	0	0	268	16	0	0	0	0	2
2	0	1	0	204	16	0	0	0	0	2
2	0	1	0	140	16	0	0	0	0	2
2	0	1	0	76	16	0	0	0	0	2
#stairs
3	0	1	0	452	66	0	0	1	0	0
#portal
50	0	1	0	380	180	16	16	0	2	0	112	0	-1	70	
50	0	0	0	0	32	16	48	0	4	0	688	127	-1	0